20, 20
(-16.5, 0.0, 19.0);3
(-14.7, 0.0, 19.0);1
(-13.0, 0.0, 19.0);1
(-11.3, 0.0, 19.0);2
(-9.5, 0.0, 19.0);2
(-7.8, 0.0, 19.0);3
(-6.1, 0.0, 19.0);1
(-4.3, 0.0, 19.0);2
(-2.6, 0.0, 19.0);1
(-0.9, 0.0, 19.0);2
(0.9, 0.0, 19.0);1
(2.6, 0.0, 19.0);2
(4.3, 0.0, 19.0);3
(6.1, 0.0, 19.0);2
(7.8, 0.0, 19.0);1
(9.5, 0.0, 19.0);1
(11.3, 0.0, 19.0);3
(13.0, 0.0, 19.0);2
(14.7, 0.0, 19.0);2
(16.5, 0.0, 19.0);3
(-15.6, 0.0, 17.5);2
(-13.9, 0.0, 17.5);2
(-12.1, 0.0, 17.5);3
(-10.4, 0.0, 17.5);2
(-8.7, 0.0, 17.5);2
(-6.9, 0.0, 17.5);2
(-5.2, 0.0, 17.5);2
(-3.5, 0.0, 17.5);3
(-1.7, 0.0, 17.5);1
(0.0, 0.0, 17.5);1
(1.7, 0.0, 17.5);2
(3.5, 0.0, 17.5);1
(5.2, 0.0, 17.5);1
(6.9, 0.0, 17.5);2
(8.7, 0.0, 17.5);3
(10.4, 0.0, 17.5);3
(12.1, 0.0, 17.5);1
(13.9, 0.0, 17.5);2
(15.6, 0.0, 17.5);1
(17.3, 0.0, 17.5);1
(-16.5, 0.0, 16.0);2
(-14.7, 0.0, 16.0);2
(-13.0, 0.0, 16.0);2
(-11.3, 0.0, 16.0);1
(-9.5, 0.0, 16.0);3
(-7.8, 0.0, 16.0);1
(-6.1, 0.0, 16.0);3
(-4.3, 0.0, 16.0);3
(-2.6, 0.0, 16.0);2
(-0.9, 0.0, 16.0);1
(0.9, 0.0, 16.0);3
(2.6, 0.0, 16.0);1
(4.3, 0.0, 16.0);2
(6.1, 0.0, 16.0);1
(7.8, 0.0, 16.0);3
(9.5, 0.0, 16.0);2
(11.3, 0.0, 16.0);3
(13.0, 0.0, 16.0);3
(14.7, 0.0, 16.0);2
(16.5, 0.0, 16.0);3
(-15.6, 0.0, 14.5);2
(-13.9, 0.0, 14.5);1
(-12.1, 0.0, 14.5);3
(-10.4, 0.0, 14.5);2
(-8.7, 0.0, 14.5);2
(-6.9, 0.0, 14.5);1
(-5.2, 0.0, 14.5);3
(-3.5, 0.0, 14.5);2
(-1.7, 0.0, 14.5);1
(0.0, 0.0, 14.5);3
(1.7, 0.0, 14.5);3
(3.5, 0.0, 14.5);3
(5.2, 0.0, 14.5);2
(6.9, 0.0, 14.5);3
(8.7, 0.0, 14.5);3
(10.4, 0.0, 14.5);3
(12.1, 0.0, 14.5);1
(13.9, 0.0, 14.5);3
(15.6, 0.0, 14.5);2
(17.3, 0.0, 14.5);2
(-16.5, 0.0, 13.0);3
(-14.7, 0.0, 13.0);3
(-13.0, 0.0, 13.0);2
(-11.3, 0.0, 13.0);3
(-9.5, 0.0, 13.0);3
(-7.8, 0.0, 13.0);1
(-6.1, 0.0, 13.0);1
(-4.3, 0.0, 13.0);1
(-2.6, 0.0, 13.0);3
(-0.9, 0.0, 13.0);1
(0.9, 0.0, 13.0);2
(2.6, 0.0, 13.0);3
(4.3, 0.0, 13.0);2
(6.1, 0.0, 13.0);3
(7.8, 0.0, 13.0);3
(9.5, 0.0, 13.0);1
(11.3, 0.0, 13.0);3
(13.0, 0.0, 13.0);2
(14.7, 0.0, 13.0);3
(16.5, 0.0, 13.0);2
(-15.6, 0.0, 11.5);1
(-13.9, 0.0, 11.5);1
(-12.1, 0.0, 11.5);2
(-10.4, 0.0, 11.5);2
(-8.7, 0.0, 11.5);1
(-6.9, 0.0, 11.5);3
(-5.2, 0.0, 11.5);1
(-3.5, 0.0, 11.5);1
(-1.7, 0.0, 11.5);3
(0.0, 0.0, 11.5);2
(1.7, 0.0, 11.5);2
(3.5, 0.0, 11.5);3
(5.2, 0.0, 11.5);1
(6.9, 0.0, 11.5);3
(8.7, 0.0, 11.5);1
(10.4, 0.0, 11.5);2
(12.1, 0.0, 11.5);2
(13.9, 0.0, 11.5);3
(15.6, 0.0, 11.5);1
(17.3, 0.0, 11.5);2
(-16.5, 0.0, 10.0);2
(-14.7, 0.0, 10.0);1
(-13.0, 0.0, 10.0);2
(-11.3, 0.0, 10.0);3
(-9.5, 0.0, 10.0);1
(-7.8, 0.0, 10.0);3
(-6.1, 0.0, 10.0);2
(-4.3, 0.0, 10.0);3
(-2.6, 0.0, 10.0);1
(-0.9, 0.0, 10.0);1
(0.9, 0.0, 10.0);3
(2.6, 0.0, 10.0);2
(4.3, 0.0, 10.0);2
(6.1, 0.0, 10.0);1
(7.8, 0.0, 10.0);3
(9.5, 0.0, 10.0);2
(11.3, 0.0, 10.0);3
(13.0, 0.0, 10.0);1
(14.7, 0.0, 10.0);1
(16.5, 0.0, 10.0);3
(-15.6, 0.0, 8.5);3
(-13.9, 0.0, 8.5);2
(-12.1, 0.0, 8.5);3
(-10.4, 0.0, 8.5);3
(-8.7, 0.0, 8.5);3
(-6.9, 0.0, 8.5);3
(-5.2, 0.0, 8.5);3
(-3.5, 0.0, 8.5);2
(-1.7, 0.0, 8.5);3
(0.0, 0.0, 8.5);2
(1.7, 0.0, 8.5);3
(3.5, 0.0, 8.5);3
(5.2, 0.0, 8.5);3
(6.9, 0.0, 8.5);1
(8.7, 0.0, 8.5);3
(10.4, 0.0, 8.5);3
(12.1, 0.0, 8.5);2
(13.9, 0.0, 8.5);3
(15.6, 0.0, 8.5);3
(17.3, 0.0, 8.5);3
(-16.5, 0.0, 7.0);2
(-14.7, 0.0, 7.0);3
(-13.0, 0.0, 7.0);2
(-11.3, 0.0, 7.0);2
(-9.5, 0.0, 7.0);2
(-7.8, 0.0, 7.0);2
(-6.1, 0.0, 7.0);3
(-4.3, 0.0, 7.0);1
(-2.6, 0.0, 7.0);3
(-0.9, 0.0, 7.0);1
(0.9, 0.0, 7.0);2
(2.6, 0.0, 7.0);3
(4.3, 0.0, 7.0);3
(6.1, 0.0, 7.0);2
(7.8, 0.0, 7.0);3
(9.5, 0.0, 7.0);1
(11.3, 0.0, 7.0);1
(13.0, 0.0, 7.0);1
(14.7, 0.0, 7.0);1
(16.5, 0.0, 7.0);3
(-15.6, 0.0, 5.5);3
(-13.9, 0.0, 5.5);2
(-12.1, 0.0, 5.5);3
(-10.4, 0.0, 5.5);2
(-8.7, 0.0, 5.5);1
(-6.9, 0.0, 5.5);3
(-5.2, 0.0, 5.5);3
(-3.5, 0.0, 5.5);3
(-1.7, 0.0, 5.5);1
(0.0, 0.0, 5.5);2
(1.7, 0.0, 5.5);2
(3.5, 0.0, 5.5);1
(5.2, 0.0, 5.5);3
(6.9, 0.0, 5.5);2
(8.7, 0.0, 5.5);3
(10.4, 0.0, 5.5);1
(12.1, 0.0, 5.5);1
(13.9, 0.0, 5.5);1
(15.6, 0.0, 5.5);2
(17.3, 0.0, 5.5);1
(-16.5, 0.0, 4.0);3
(-14.7, 0.0, 4.0);1
(-13.0, 0.0, 4.0);3
(-11.3, 0.0, 4.0);3
(-9.5, 0.0, 4.0);2
(-7.8, 0.0, 4.0);2
(-6.1, 0.0, 4.0);1
(-4.3, 0.0, 4.0);3
(-2.6, 0.0, 4.0);1
(-0.9, 0.0, 4.0);3
(0.9, 0.0, 4.0);1
(2.6, 0.0, 4.0);1
(4.3, 0.0, 4.0);2
(6.1, 0.0, 4.0);1
(7.8, 0.0, 4.0);1
(9.5, 0.0, 4.0);2
(11.3, 0.0, 4.0);1
(13.0, 0.0, 4.0);3
(14.7, 0.0, 4.0);1
(16.5, 0.0, 4.0);1
(-15.6, 0.0, 2.5);3
(-13.9, 0.0, 2.5);3
(-12.1, 0.0, 2.5);2
(-10.4, 0.0, 2.5);3
(-8.7, 0.0, 2.5);1
(-6.9, 0.0, 2.5);2
(-5.2, 0.0, 2.5);2
(-3.5, 0.0, 2.5);1
(-1.7, 0.0, 2.5);3
(0.0, 0.0, 2.5);3
(1.7, 0.0, 2.5);3
(3.5, 0.0, 2.5);1
(5.2, 0.0, 2.5);2
(6.9, 0.0, 2.5);1
(8.7, 0.0, 2.5);3
(10.4, 0.0, 2.5);2
(12.1, 0.0, 2.5);3
(13.9, 0.0, 2.5);1
(15.6, 0.0, 2.5);2
(17.3, 0.0, 2.5);1
(-16.5, 0.0, 1.0);3
(-14.7, 0.0, 1.0);2
(-13.0, 0.0, 1.0);3
(-11.3, 0.0, 1.0);3
(-9.5, 0.0, 1.0);1
(-7.8, 0.0, 1.0);1
(-6.1, 0.0, 1.0);2
(-4.3, 0.0, 1.0);1
(-2.6, 0.0, 1.0);2
(-0.9, 0.0, 1.0);2
(0.9, 0.0, 1.0);3
(2.6, 0.0, 1.0);2
(4.3, 0.0, 1.0);2
(6.1, 0.0, 1.0);3
(7.8, 0.0, 1.0);2
(9.5, 0.0, 1.0);2
(11.3, 0.0, 1.0);3
(13.0, 0.0, 1.0);3
(14.7, 0.0, 1.0);2
(16.5, 0.0, 1.0);1
(-15.6, 0.0, -0.5);3
(-13.9, 0.0, -0.5);2
(-12.1, 0.0, -0.5);3
(-10.4, 0.0, -0.5);2
(-8.7, 0.0, -0.5);3
(-6.9, 0.0, -0.5);1
(-5.2, 0.0, -0.5);1
(-3.5, 0.0, -0.5);1
(-1.7, 0.0, -0.5);3
(0.0, 0.0, -0.5);2
(1.7, 0.0, -0.5);2
(3.5, 0.0, -0.5);1
(5.2, 0.0, -0.5);3
(6.9, 0.0, -0.5);1
(8.7, 0.0, -0.5);1
(10.4, 0.0, -0.5);1
(12.1, 0.0, -0.5);2
(13.9, 0.0, -0.5);1
(15.6, 0.0, -0.5);2
(17.3, 0.0, -0.5);3
(-16.5, 0.0, -2.0);3
(-14.7, 0.0, -2.0);2
(-13.0, 0.0, -2.0);3
(-11.3, 0.0, -2.0);2
(-9.5, 0.0, -2.0);1
(-7.8, 0.0, -2.0);1
(-6.1, 0.0, -2.0);2
(-4.3, 0.0, -2.0);3
(-2.6, 0.0, -2.0);1
(-0.9, 0.0, -2.0);1
(0.9, 0.0, -2.0);1
(2.6, 0.0, -2.0);1
(4.3, 0.0, -2.0);3
(6.1, 0.0, -2.0);3
(7.8, 0.0, -2.0);3
(9.5, 0.0, -2.0);2
(11.3, 0.0, -2.0);1
(13.0, 0.0, -2.0);1
(14.7, 0.0, -2.0);3
(16.5, 0.0, -2.0);1
(-15.6, 0.0, -3.5);2
(-13.9, 0.0, -3.5);2
(-12.1, 0.0, -3.5);1
(-10.4, 0.0, -3.5);2
(-8.7, 0.0, -3.5);2
(-6.9, 0.0, -3.5);1
(-5.2, 0.0, -3.5);3
(-3.5, 0.0, -3.5);3
(-1.7, 0.0, -3.5);2
(0.0, 0.0, -3.5);2
(1.7, 0.0, -3.5);3
(3.5, 0.0, -3.5);2
(5.2, 0.0, -3.5);3
(6.9, 0.0, -3.5);2
(8.7, 0.0, -3.5);2
(10.4, 0.0, -3.5);2
(12.1, 0.0, -3.5);2
(13.9, 0.0, -3.5);3
(15.6, 0.0, -3.5);1
(17.3, 0.0, -3.5);2
(-16.5, 0.0, -5.0);3
(-14.7, 0.0, -5.0);2
(-13.0, 0.0, -5.0);1
(-11.3, 0.0, -5.0);3
(-9.5, 0.0, -5.0);2
(-7.8, 0.0, -5.0);1
(-6.1, 0.0, -5.0);3
(-4.3, 0.0, -5.0);1
(-2.6, 0.0, -5.0);2
(-0.9, 0.0, -5.0);2
(0.9, 0.0, -5.0);2
(2.6, 0.0, -5.0);3
(4.3, 0.0, -5.0);2
(6.1, 0.0, -5.0);1
(7.8, 0.0, -5.0);1
(9.5, 0.0, -5.0);1
(11.3, 0.0, -5.0);2
(13.0, 0.0, -5.0);1
(14.7, 0.0, -5.0);1
(16.5, 0.0, -5.0);1
(-15.6, 0.0, -6.5);3
(-13.9, 0.0, -6.5);2
(-12.1, 0.0, -6.5);2
(-10.4, 0.0, -6.5);3
(-8.7, 0.0, -6.5);1
(-6.9, 0.0, -6.5);1
(-5.2, 0.0, -6.5);1
(-3.5, 0.0, -6.5);2
(-1.7, 0.0, -6.5);1
(0.0, 0.0, -6.5);2
(1.7, 0.0, -6.5);3
(3.5, 0.0, -6.5);3
(5.2, 0.0, -6.5);1
(6.9, 0.0, -6.5);3
(8.7, 0.0, -6.5);1
(10.4, 0.0, -6.5);2
(12.1, 0.0, -6.5);3
(13.9, 0.0, -6.5);3
(15.6, 0.0, -6.5);2
(17.3, 0.0, -6.5);2
(-16.5, 0.0, -8.0);2
(-14.7, 0.0, -8.0);1
(-13.0, 0.0, -8.0);2
(-11.3, 0.0, -8.0);2
(-9.5, 0.0, -8.0);1
(-7.8, 0.0, -8.0);2
(-6.1, 0.0, -8.0);1
(-4.3, 0.0, -8.0);2
(-2.6, 0.0, -8.0);2
(-0.9, 0.0, -8.0);3
(0.9, 0.0, -8.0);1
(2.6, 0.0, -8.0);3
(4.3, 0.0, -8.0);1
(6.1, 0.0, -8.0);1
(7.8, 0.0, -8.0);1
(9.5, 0.0, -8.0);3
(11.3, 0.0, -8.0);3
(13.0, 0.0, -8.0);2
(14.7, 0.0, -8.0);3
(16.5, 0.0, -8.0);3
(-15.6, 0.0, -9.5);2
(-13.9, 0.0, -9.5);3
(-12.1, 0.0, -9.5);3
(-10.4, 0.0, -9.5);1
(-8.7, 0.0, -9.5);3
(-6.9, 0.0, -9.5);3
(-5.2, 0.0, -9.5);2
(-3.5, 0.0, -9.5);2
(-1.7, 0.0, -9.5);3
(0.0, 0.0, -9.5);3
(1.7, 0.0, -9.5);3
(3.5, 0.0, -9.5);2
(5.2, 0.0, -9.5);3
(6.9, 0.0, -9.5);1
(8.7, 0.0, -9.5);3
(10.4, 0.0, -9.5);3
(12.1, 0.0, -9.5);1
(13.9, 0.0, -9.5);3
(15.6, 0.0, -9.5);3
(17.3, 0.0, -9.5);2
